Experiment	threshold (%)	Mean (%)	Stddev (%)	Lo-confidence (%)	Hi-confidence (%)
0	0.5902	0.01967333333333333	0.10775528447984971	-0.018886400000000015	0.05823306666666668
1	0.6035	0.03979	0.1514357684482673	-0.014400593776266804	0.0939805937762668
2	0.5806	0.05914333333333333	0.18048847834721177	-0.005443639160893084	0.12373030582755976
3	0.5872	0.07871666666666667	0.2041432122113152	0.005664956370728405	0.15176837696260492
4	0.5695	0.0977	0.22224714729948405	0.018169879734160815	0.17723012026583917
5	0.6005	0.11771666666666668	0.2395155010221363	0.03200714538244254	0.20342618795089082
6	0.6239	0.13851333333333335	0.25549491490092285	0.047085652230189165	0.22994101443647752
7	0.5854	0.15802666666666668	0.2666620319137463	0.06260288406191006	0.2534504492714233
8	0.5466	0.17624666666666666	0.2740631876968791	0.07817441447887605	0.27431891885445725
9	0.591	0.19594666666666666	0.2820811227574293	0.09500523326598977	0.29688810006734356
10	0.5939	0.21574333333333331	0.28861963715939865	0.11246212260337617	0.31902454406329045
11	0.5711	0.23478000000000002	0.2927043281609242	0.13003710136741992	0.3395228986325801
12	0.5806	0.2541333333333334	0.29582334935394883	0.14827430730111252	0.35999235936555424
13	0.5855	0.27365	0.2977863892468722	0.16708850916376322	0.3802114908362368
14	0.5714	0.2926966666666667	0.29795352273910725	0.18607536787833956	0.3993179654549939
15	0.5835	0.31214666666666674	0.2972319954621924	0.205783563098415	0.4185097702349185
16	0.5474	0.33039333333333337	0.2941955295533829	0.22511681513567056	0.4356698515309962
17	0.6022	0.3504666666666667	0.2914062353879692	0.2461882845671614	0.454745048766172
18	0.6188	0.3710933333333334	0.28761938083148203	0.2681700597333799	0.4740166069332869
19	0.6047	0.39125000000000004	0.2818470736605837	0.2903923199929951	0.492107680007005
20	0.5682	0.41019000000000005	0.2736199508127261	0.31227635809419174	0.5081036419058084
21	0.6096	0.43051000000000006	0.2645940212919564	0.33582624549216367	0.5251937545078365
22	0.5733	0.4496200000000001	0.2528720712411576	0.35913089144653426	0.5401091085534659
23	0.5811	0.46899	0.2391260803641979	0.38341983110853395	0.5545601688914661
24	0.5949	0.48882	0.22301708825821492	0.40901435990054535	0.5686256400994546
25	0.5752	0.5079933333333334	0.20340634027573434	0.4352053092730538	0.580781357393613
26	0.5817	0.5273833333333333	0.17964968993002473	0.4630965174193243	0.5916701492473424
27	0.5813	0.54676	0.14964976260681428	0.4932085202060371	0.6003114797939629
28	0.5913	0.56647	0.10841161710876714	0.527675401051758	0.605264598948242
29	0.5898	0.58613	0.01751830864926847	0.5798611537598591	0.5923988462401409
