0.1	0.04934396342684	199.90131207314633
0.2	0.1973271571728441	199.6053456856543
0.30000000000000004	0.44380353969200037	199.112392920616
0.4	0.7885298685522124	198.42294026289557
0.5	1.231165940486223	197.53766811902756
0.6	1.7712749271311279	196.45745014573774
0.7	2.4083238061252565	195.1833523877495
0.7999999999999999	3.1416838871368924	193.71663222572622
0.8999999999999999	3.9706314323056935	192.0587371353886
0.9999999999999999	4.894348370484636	190.21130325903073
1.0999999999999999	5.911923104577454	188.1761537908451
1.2	7.022351411174855	185.9552971776503
1.3	8.224537431601886	183.55092513679622
1.4000000000000001	9.517294753398053	180.9654104932039
1.5000000000000002	10.89934758116321	178.20130483767358
1.6000000000000003	12.369331995613642	175.26133600877273
1.7000000000000004	13.925797299605636	172.14840540078873
1.8000000000000005	15.567207449798504	168.865585100403
1.9000000000000006	17.291942572543828	165.41611485491234
2.0000000000000004	19.098300562505266	161.80339887498945
2.1000000000000005	20.98449876243097	158.03100247513805
2.2000000000000006	22.948675722421086	154.10264855515783
2.3000000000000007	24.988893036954064	150.02221392609187
2.400000000000001	27.10313725785887	145.79372548428228
2.500000000000001	29.289321881345266	141.42135623730948
2.600000000000001	31.54528940713115	136.9094211857377
2.700000000000001	33.86881346763483	132.26237306473035
2.800000000000001	36.25760102513106	127.48479794973788
2.9000000000000012	38.70929463470239	122.58141073059522
3.0000000000000013	41.22147477075272	117.55705045849456
3.1000000000000014	43.791662214786975	112.41667557042605
3.2000000000000015	46.41732050210038	107.16535899579924
3.3000000000000016	49.09585842496291	101.80828315007417
3.4000000000000017	51.824632589828525	96.35073482034295
3.5000000000000018	54.60095002604537	90.79809994790925
3.600000000000002	57.422070843492776	85.15585831301445
3.700000000000002	60.285210936521985	79.42957812695603
3.800000000000002	63.187544731532256	73.62491053693549
3.900000000000002	66.1262079754709	67.74758404905818
4.000000000000002	69.09830056250532	61.80339887498937
4.100000000000001	72.10088939607712	55.798221207845764
4.200000000000001	75.13101128351455	49.73797743297091
4.300000000000001	78.18567586034575	43.62864827930849
4.4	81.26186854142755	37.4762629171449
4.5	84.35655349597691	31.286893008046185
4.6	87.46667664356956	25.066646712860894
4.699999999999999	90.58916866814855	18.821662663702902
4.799999999999999	93.72094804706863	12.55810390586275
4.899999999999999	96.85892409218711	6.282151815625768
Error	in	parsing
4.999999999999998	99.99999999999993	1.4547323094649232e-13
5.099999999999998	96.85892409218724	-6.2821518156255225
5.1999999999999975	93.72094804706876	-12.558103905862502
5.299999999999997	90.58916866814867	-18.821662663702657
5.399999999999997	87.46667664356967	-25.066646712860653
5.4999999999999964	84.35655349597702	-31.28689300804594
5.599999999999996	81.26186854142767	-37.47626291714466
5.699999999999996	78.18567586034587	-43.62864827930825
5.799999999999995	75.13101128351467	-49.73797743297067
5.899999999999995	72.10088939607724	-55.798221207845536
5.999999999999995	69.09830056250543	-61.803398874989135
6.099999999999994	66.12620797547103	-67.74758404905793
6.199999999999994	63.187544731532384	-73.62491053693522
6.299999999999994	60.28521093652214	-79.42957812695572
6.399999999999993	57.42207084349293	-85.15585831301415
6.499999999999993	54.600950026045524	-90.79809994790895
6.5999999999999925	51.82463258982869	-96.35073482034262
6.699999999999992	49.095858424963104	-101.80828315007379
6.799999999999992	46.41732050210058	-107.16535899579884
6.8999999999999915	43.79166221478715	-112.4166755704257
6.999999999999991	41.221474770752906	-117.55705045849419
7.099999999999991	38.70929463470259	-122.58141073059483
7.19999999999999	36.25760102513127	-127.48479794973746
7.29999999999999	33.868813467635064	-132.26237306472987
7.39999999999999	31.54528940713138	-136.90942118573724
7.499999999999989	29.289321881345508	-141.42135623730897
7.599999999999989	27.10313725785908	-145.79372548428185
7.699999999999989	24.988893036954284	-150.02221392609144
7.799999999999988	22.94867572242132	-154.10264855515737
7.899999999999988	20.9844987624312	-158.0310024751376
7.999999999999988	19.0983005625055	-161.803398874989
8.099999999999987	17.291942572544063	-165.41611485491188
8.199999999999987	15.567207449798703	-168.8655851004026
8.299999999999986	13.925797299605847	-172.1484054007883
8.399999999999986	12.369331995613852	-175.2613360087723
8.499999999999986	10.899347581163422	-178.20130483767315
8.599999999999985	9.517294753398254	-180.9654104932035
8.699999999999985	8.224537431602085	-183.55092513679583
8.799999999999985	7.022351411175043	-185.95529717764992
8.899999999999984	5.911923104577621	-188.17615379084475
8.999999999999984	4.894348370484803	-190.2113032590304
9.099999999999984	3.970631432305838	-192.05873713538833
9.199999999999983	3.1416838871370256	-193.71663222572596
9.299999999999983	2.4083238061253787	-195.18335238774924
9.399999999999983	1.771274927131239	-196.4574501457375
9.499999999999982	1.2311659404863229	-197.53766811902736
9.599999999999982	0.7885298685522901	-198.42294026289542
9.699999999999982	0.4438035396920559	-199.1123929206159
9.799999999999981	0.1973271571728774	-199.60534568565424
9.89999999999998	0.0493439634268622	-199.90131207314627
9.99999999999998	0	-200
10.09999999999998	0.049343963426828896	-199.90131207314633
10.19999999999998	0.1973271571727997	-199.6053456856544
10.29999999999998	0.44380353969193376	-199.11239292061614
10.399999999999979	0.7885298685521347	-198.42294026289574
10.499999999999979	1.231165940486123	-197.53766811902776
10.599999999999978	1.7712749271310058	-196.457450145738
10.699999999999978	2.408323806125101	-195.1833523877498
10.799999999999978	3.1416838871367037	-193.71663222572658
10.899999999999977	3.9706314323054936	-192.058737135389
10.999999999999977	4.894348370484414	-190.21130325903118
11.099999999999977	5.911923104577199	-188.1761537908456
11.199999999999976	7.022351411174577	-185.95529717765083
11.299999999999976	8.224537431601576	-183.55092513679685
11.399999999999975	9.51729475339771	-180.9654104932046
11.499999999999975	10.899347581162843	-178.20130483767431
11.599999999999975	12.369331995613264	-175.26133600877347
11.699999999999974	13.925797299605225	-172.14840540078956
11.799999999999974	15.567207449798047	-168.8655851004039
11.899999999999974	17.29194257254334	-165.41611485491333
11.999999999999973	19.098300562504754	-161.80339887499048
12.099999999999973	20.984498762430427	-158.03100247513916
12.199999999999973	22.948675722420507	-154.102648555159
12.299999999999972	24.988893036953474	-150.02221392609306
12.399999999999972	27.103137257858243	-145.7937254842835
12.499999999999972	29.28932188134461	-141.4213562373108
12.599999999999971	31.54528940713046	-136.90942118573906
12.69999999999997	33.868813467634105	-132.26237306473178
12.79999999999997	36.25760102513029	-127.48479794973942
12.89999999999997	38.709294634701585	-122.58141073059683
12.99999999999997	41.22147477075189	-117.55705045849622
13.09999999999997	43.79166221478611	-112.41667557042778
13.199999999999969	46.41732050209947	-107.16535899580106
13.299999999999969	49.095858424962046	-101.80828315007591
13.399999999999968	51.824632589827615	-96.35073482034477
13.499999999999968	54.60095002604444	-90.79809994791113
13.599999999999968	57.422070843491824	-85.15585831301637
13.699999999999967	60.285210936521	-79.429578126958
13.799999999999967	63.18754473153123	-73.62491053693753
13.899999999999967	66.12620797546987	-67.74758404906028
13.999999999999966	69.09830056250424	-61.803398874991544
14.099999999999966	72.10088939607601	-55.798221207847966
14.199999999999966	75.13101128351344	-49.737977432973125
14.299999999999965	78.18567586034465	-43.62864827931073
14.399999999999965	81.26186854142641	-37.476262917147196
14.499999999999964	84.35655349597575	-31.286893008048487
14.599999999999964	87.46667664356849	-25.066646712863033
14.699999999999964	90.58916866814745	-18.821662663705094
14.799999999999963	93.72094804706754	-12.558103905864945
14.899999999999963	96.85892409218602	-6.282151815627968
14.999999999999963	99.99999999999882	-2.346003295194746e-12
15.099999999999962	96.85892409218836	6.282151815623278
15.199999999999962	93.72094804706987	12.558103905860262
15.299999999999962	90.5891686681498	18.821662663700423
15.399999999999961	87.4666766435708	25.066646712858383
15.499999999999961	84.35655349597816	31.28689300804368
15.59999999999996	81.2618685414288	37.476262917142414
15.69999999999996	78.18567586034702	43.62864827930598
15.79999999999996	75.1310112835158	49.73797743296841
15.89999999999996	72.10088939607834	55.79822120784329
15.99999999999996	69.09830056250645	61.80339887498708
16.09999999999996	66.12620797547206	67.74758404905586
16.19999999999996	63.18754473153341	73.62491053693317
16.29999999999996	60.28521093652306	79.42957812695387
16.399999999999963	57.42207084349378	85.15585831301243
16.499999999999964	54.60095002604637	90.79809994790726
16.599999999999966	51.824632589829434	96.35073482034112
16.699999999999967	49.09585842496376	101.80828315007248
16.79999999999997	46.417320502101155	107.16535899579769
16.89999999999997	43.79166221478775	112.4166755704245
16.99999999999997	41.22147477075342	117.55705045849317
17.099999999999973	38.70929463470302	122.58141073059396
17.199999999999974	36.25760102513169	127.48479794973662
17.299999999999976	33.868813467635405	132.2623730647292
17.399999999999977	31.545289407131648	136.9094211857367
17.49999999999998	29.289321881345764	141.42135623730846
17.59999999999998	27.1031372578593	145.7937254842814
17.69999999999998	24.98889303695444	150.02221392609113
17.799999999999983	22.948675722421406	154.10264855515717
17.899999999999984	20.984498762431294	158.03100247513743
17.999999999999986	19.098300562505532	161.80339887498894
18.099999999999987	17.291942572544038	165.4161148549119
18.19999999999999	15.567207449798715	168.86558510040257
18.29999999999999	13.925797299605813	172.14840540078836
18.39999999999999	12.369331995613775	175.26133600877245
18.499999999999993	10.899347581163344	178.20130483767332
18.599999999999994	9.517294753398142	180.9654104932037
18.699999999999996	8.224537431601942	183.5509251367961
18.799999999999997	7.0223514111748875	185.95529717765024
18.9	5.911923104577488	188.17615379084504
19	4.894348370484646	190.2113032590307
19.1	3.9706314323056824	192.05873713538864
19.200000000000003	3.1416838871368813	193.71663222572624
19.300000000000004	2.4083238061252343	195.18335238774952
19.400000000000006	1.7712749271310946	196.45745014573782
19.500000000000007	1.2311659404861897	197.53766811902761
19.60000000000001	0.7885298685521902	198.42294026289562
19.70000000000001	0.44380353969196706	199.11239292061606
19.80000000000001	0.1973271571728219	199.60534568565436
19.900000000000013	0.049343963426828896	199.90131207314633
20.000000000000014	0	200
